MAX_CONNECT_CELL_NUM=400
DT_Cell=0.010000
DT_Ca=0.010000
MALIG_NUM=0
LX=50.000000
LY=50.000000
LZ=100.000000
NX=100
NY=100
NZ=200
R_max=1.400000
R_der=1.400000
R_memb=1.000000
COMPRESS_FACTOR=4.000000
MEMB_ADHE_RANGE=0
THRESH_SP=3.000000
LJ_THRESH=1.200000
THRESH_DEAD=22.000000
NUM_ITR=4000000
Ca_avg_time=10.000000
ca2p_init=0.122000
ex_inert_init=0.970000
IP3_init=0.000000
gj_init=0.990000
ATP_init=0.000000
ext_stim_init=0.000000
FAC_MAP=2.000000
SW_THRESH=20
T_TURNOVER=6000.000000
NUM_SC_INIT=1
USE_TRI_MEMB=1
agki_max=6.000000
fac=1.000000
div_max=15
Kpp=0.300000
dp=0.100000
kbc=0.480000
Hb=0.010000
Cout=1.000000
kg=0.100000
gamma=2.000000
mu0=0.567000
mu1=0.100000
kmu=0.050000
para_b=0.110000
para_bb=0.890000
para_k1=0.700000
k_flux=8.100000
beta_zero=0.020000
CA_OUT=1.000000
thgra=0.200000
delta_th=1.000000
thpri=1.000000
kpa=4.000000
delta_K=1.000000
Kpri=6.000000
delta_I=1.500000
iage_kitei=0.000000
para_k2=0.700000
H0=0.500000
wd=0.100000
ca2p_du=0.010000
STIM11=0.002000
Kaa=0.500000
Da=1.000000
AIR_STIM=0.100000
AREA_GRID_ORIGINAL=2.000000
N2=400
N3=200
eps_m=0.010000
DER_DER_CONST=0.200000
K_TOTAL=3.000000
K_DESMOSOME_RATIO=0.010000
Kspring=25.000000
Kspring_d=5.000000
KBEND=0.500000
delta_R_coef=0.400000
para_ljp2=0.005000
Kspring_division=5.000000
stoch_div_time_ratio=0.250000
S2=0.100000
accel_div=1.000000
eps_kb=0.120000
alpha_b=5.000000
S0=0.020000
eps_ks=0.050000
accel_diff=1.000000
alpha_k=2.000000
eps_kk=0.050000
S1=0.100000
ubar=0.450000
delta_lipid=0.100000
delta_sig_r1=0.100000
lipid_rel=0.200000
lipid=0.600000
delta_L_coef=0.010000
ADHE_CONST=31.300000
DISA_conn_num_thresh=11.000000
eps_L=0.140000
unpair_dist_coef=0.900000
kb=0.025000
DUR_ALIVE=0.500000
DUR_DEAD=2.000000
DB=0.000900
SYSTEM=0
CUT=1000
NEW_BEND_POT=1
outputdir='output'
